$ANSIBLE_VAULT;1.1;AES256
63323763393738313961653336613830626435386562313936393464343536613464306430363233
3938613938636637366332303466373539653066346561650a313037353633386464396465613138
66316363353163623530336266646462396364356666666239323736623732373739393665323662
6139646532636537370a613436393061623465643236353036343066313866663264393932303236
36303137623537623738666662386337646332646634653637373132343661346166303135343334
36386139393166356338393332393966663064306231666466656266613062643531663139633562
35313736366537313637326461636437386539633038326132643334333530646665643433646363
62313732316564363764366233353030336262333930373662363165613233323936303136366565
39303931376361386232383964333863663664653231666466383036383830656563653865316463
35386239643930653237393632623033643764303239356332613864363839386330656139356530
36326364636639353161396262643930306232633837373634363635333833333337663230313639
61653737653430393764666265366136393831343632346663323865386632373132633731643133
31393134373632333333663662656663646530646435303762373234373566316639626263363436
37346561313866383636356330363531356136633738393931626564343861666165623861623932
32376230313166636639373431646566643132633365646439623839653238643763613333643634
33646230356561316162336566373763353864333564313338303734363439313332313937653639
34653963323239653838316462346132653237343035616364663433623138326461636166303634
32666366316331636162303430343361386565356331626335306665653034643537653034643237
30366566313332323662393034626534623939336333633734626139313838663163313739343461
39356238313061666464623333663261333531633339623133366232346165366633313834656462
34393334386136363663343461323733393332626663653536613935376131633336363665306332
61643732316666643136323266626437383231323062383032653631333333366364383461336362
61323633666261383130626366333138393832353037336534376432646366366666343266333166
34656166363363626234613038323837623030636637623933396639626465303338396664653938
38636130616637646534353061353837663736303765303231623636343266346531386665636436
37363465303366663637306431663235366632383136396530623265633265653766653933313930
32396236653861343664386163313336373533373466373234663461613265396637353936633439
32656436646466396665353961376563383231666365643066376436663966643331653162303736
65373530363434633762343638626435383635373835363535636630316665336266386635363665
63396434613035356261366266393035343931626132393066623537623163626235326230356639
36626135643062646431653465316235623364393564646237356235643630326332643434613839
61643137373164623339363966333666336236363939616535333534646431366330343363653430
63643938356336383763393135333265386430643334386166376133646265316636323830653363
61386361343439646335386566663539306462323864316265316365633563323861383530613162
36386164663838376663646532366465336633633138333237666239663335376466663937383238
31646662656663613634663132303736323861336433616165366433386433663663666634343534
32323938326130316333336262313066383235313135666661626239633330636639623631613933
65303463303439666466613039663039326634636661386439346462653033666431663163306162
63383638326666343935653838613466363132386532616464636261313935343332616165653638
65656631636363643637663161323262663731653236393239376362653139396630343739333538
32633331306131656137636531396135376236646236653739663166396665303238353664616164
35313730616533323765303332376137353832363962623765346230373939333039653339633630
39623866623139653265303236666433386237333831636565616134393264663737616663303365
30343030656439653761356237343730303761303838373035386161383966663063623463303131
34343433353835613966343039346633396661316236343263616235326264333330656438313865
62636361343231386162626566656530613366646134303639346433383636363630396639646262
64663837346133653062316539383263626138383765666661303464663861353435663465653936
34666364623864316163306632323635613036326235323665333236396531383964643630303737
35646436386135376162343264383933626238323463383166303134316430623437
